function [im,cm] = first_logo;

im = [219,219,219,219,219,219,219,219,219,219,219,219,219,219,219,219,219,219,219,219,219,219,219,219,219,219,219,219,219,219,219,211,217,217,219,211,219,219,219,219,219,219,219,219,219,219,219,219,219,218,219,219,219,219,219,219,219,219,219,219,211,219,217,219,219,219,219,219,219,219,219,217,219,219,217,219,219,219,219,219,219,219,219,219,219,217,219,219,219,219,219,219,219,219,219,217,217,217,219,219,219,217,219,219,219,219,219,219,219,219,217,217,219,219,219,219,219,219,219,219,219,219,219; 
219,219,219,219,219,219,218,219,219,219,219,219,219,219,219,219,219,219,219,219,219,219,219,219,219,219,217,219,219,219,219,219,219,217,219,219,219,219,213,219,219,219,219,219,219,219,219,219,219,217,219,219,219,219,219,219,219,217,219,219,219,217,219,219,219,219,219,219,219,219,219,217,219,219,219,219,219,219,219,219,219,219,219,219,219,217,217,219,219,219,219,219,219,219,217,219,217,219,219,219,219,219,219,219,219,219,219,219,219,211,219,217,218,219,219,219,219,219,219,219,219,219,219; 
219,219,219,219,219,219,219,219,219,219,219,219,219,219,219,219,219,219,219,219,219,219,219,219,219,219,219,219,219,219,219,219,219,217,219,219,219,219,219,219,219,219,219,219,219,219,219,219,219,219,219,219,219,219,219,219,219,219,219,219,219,219,219,219,219,219,219,219,219,219,219,219,219,219,219,217,219,219,219,219,219,218,219,219,219,219,219,219,219,219,219,219,219,219,219,219,219,219,219,219,219,219,219,219,219,219,219,219,219,219,219,219,219,219,219,219,219,219,219,219,219,219,219; 
219,219,219,219,219,219,219,219,219,219,219,217,219,219,219,219,219,219,219,219,219,219,219,219,219,219,219,219,219,219,219,219,219,219,219,219,219,219,218,219,219,219,219,219,219,219,219,219,219,219,219,219,219,219,219,219,219,219,219,219,219,219,219,219,219,219,219,219,219,219,219,219,219,219,219,219,219,219,219,219,217,219,219,219,219,219,217,219,219,219,219,219,219,219,219,217,219,219,219,219,219,219,219,219,219,219,219,219,219,219,219,219,217,219,219,219,219,219,219,219,219,219,219; 
219,219,219,219,219,217,219,219,219,219,219,219,219,219,219,219,219,219,219,219,219,219,219,219,219,219,219,219,219,219,219,219,219,219,219,219,219,219,219,219,219,219,219,219,219,219,219,219,219,219,219,219,219,219,219,219,219,219,219,219,219,219,219,219,219,219,219,219,219,219,219,219,219,219,219,219,219,219,219,219,219,219,219,219,219,217,219,219,219,219,219,219,219,219,219,219,219,219,219,218,219,219,219,219,219,219,219,219,219,219,219,219,219,218,219,219,219,219,219,219,219,219,219; 
218,218,219,219,217,217,217,217,219,219,219,219,219,219,219,219,219,218,219,219,219,219,219,217,219,219,219,219,219,218,219,219,219,219,217,217,219,219,219,219,219,219,219,219,219,219,219,219,219,219,219,219,219,219,219,219,219,219,218,219,219,219,219,219,219,219,219,219,219,219,217,219,219,218,219,219,219,219,219,219,219,219,219,219,219,219,219,219,219,219,219,219,217,219,219,219,219,219,219,219,218,219,219,219,219,219,217,219,219,219,219,219,219,219,219,219,217,219,219,219,219,219,219; 
218,218,219,217,209,204,204,204,209,209,209,209,209,204,208,204,209,209,204,209,209,204,209,204,208,209,204,209,211,217,219,211,209,209,209,204,204,209,209,209,209,204,209,204,209,209,204,209,209,209,209,204,209,209,204,209,209,209,219,217,217,209,208,209,204,204,209,209,209,209,204,211,217,219,217,217,208,209,204,204,209,209,209,209,209,209,217,219,217,217,209,209,204,204,209,209,208,209,208,211,211,219,219,217,209,209,209,204,204,209,208,209,211,209,211,211,217,219,219,219,219,219,219; 
219,211,209,147,62,39,22,39,39,39,63,27,27,22,39,62,39,39,62,39,39,62,39,62,39,39,62,39,59,32,197,26,27,62,39,39,62,39,62,39,39,62,21,39,39,39,62,39,39,39,39,62,39,39,62,39,39,26,200,200,26,65,27,39,39,39,39,39,39,21,39,24,31,200,200,26,27,39,39,39,39,39,20,39,22,28,111,204,200,30,65,62,19,22,38,39,39,62,39,39,26,111,202,30,65,62,20,22,39,39,39,62,22,27,26,144,217,217,219,219,219,219,219; 
217,209,204,137,13,41,37,42,41,37,44,34,41,34,41,41,42,34,41,41,42,34,42,34,43,34,41,41,36,59,187,22,38,37,34,41,41,45,41,42,42,41,34,42,41,41,41,41,34,41,34,37,41,42,41,34,41,36,197,195,22,36,36,34,42,42,34,42,37,34,41,44,24,197,195,22,36,42,42,42,41,37,42,34,11,38,106,200,199,62,22,36,42,37,42,37,42,41,34,41,36,106,200,62,22,41,42,34,45,45,34,43,41,43,21,145,211,217,219,219,219,219,219; 
219,217,209,152,38,42,34,42,37,34,34,34,42,43,45,34,42,42,42,42,43,34,42,42,34,42,42,34,36,62,187,21,38,44,42,42,34,45,34,42,42,37,42,42,45,34,34,45,42,42,42,42,34,42,34,42,37,36,199,195,39,38,34,45,42,42,34,42,34,41,34,36,65,197,195,39,37,42,42,42,42,42,34,41,42,38,100,202,199,62,38,37,37,42,37,42,42,34,43,41,36,106,202,62,39,37,34,45,45,34,45,34,41,42,41,145,211,217,217,219,219,219,219; 
218,219,209,150,36,42,45,42,42,42,37,42,34,43,34,45,42,42,34,42,42,34,42,42,45,34,34,45,36,62,195,39,36,37,42,42,37,34,42,42,34,45,42,42,42,42,34,45,42,42,42,42,45,34,42,42,37,37,197,197,39,38,37,34,45,42,45,42,45,34,45,36,61,199,197,39,34,34,45,42,45,45,45,34,42,38,107,202,199,61,38,37,37,45,42,42,42,42,42,43,36,107,202,59,38,37,37,45,34,45,34,45,42,43,13,117,211,217,219,219,219,219,219; 
219,219,209,152,37,34,43,34,42,37,42,37,45,42,45,34,34,43,45,42,42,45,43,42,42,45,42,37,37,59,195,39,38,34,41,37,45,42,42,42,45,34,41,37,42,42,45,34,34,41,42,42,42,43,42,42,42,34,199,197,39,37,34,45,45,42,45,45,34,45,43,36,26,199,197,39,42,42,45,42,45,34,45,45,42,38,107,204,199,62,38,42,42,45,37,45,42,42,43,42,36,107,202,62,38,42,34,45,42,34,45,34,42,42,36,117,211,211,217,219,219,219,219; 
218,219,209,140,41,41,45,45,34,45,34,45,34,41,34,45,45,42,42,45,42,42,42,42,42,42,42,42,36,61,195,39,38,37,41,42,42,42,45,42,34,45,42,42,45,34,37,41,45,42,42,45,45,42,41,42,42,36,200,197,62,38,42,37,43,45,34,42,43,34,41,38,26,200,197,62,34,42,42,45,45,34,43,42,42,38,111,202,200,27,53,42,42,45,37,34,42,42,42,42,38,107,209,27,46,34,34,45,45,34,45,42,42,41,21,128,211,211,219,219,219,219,219; 
219,219,209,140,41,41,42,43,50,34,37,34,45,41,43,34,34,42,43,34,42,42,42,43,34,45,34,43,36,26,197,62,21,36,41,41,42,41,42,42,41,42,41,42,34,45,42,37,34,43,42,34,34,45,42,42,42,38,200,199,27,22,34,42,42,45,45,43,42,41,41,38,30,200,199,24,42,42,42,42,43,45,41,45,42,38,107,204,199,27,38,41,42,42,42,42,34,37,42,11,21,111,202,27,38,37,43,43,42,42,34,37,42,41,21,117,211,211,217,219,219,219,219; 
219,217,209,150,45,41,43,42,42,41,34,46,42,42,43,42,42,42,42,45,42,42,34,42,45,34,45,34,13,62,195,61,38,42,41,42,42,42,42,42,42,34,45,43,45,42,42,42,42,42,42,42,45,34,42,42,42,36,202,200,68,38,42,41,42,34,41,41,34,41,41,36,28,199,199,27,34,41,45,34,34,45,41,34,34,36,112,202,199,65,13,41,42,41,42,42,34,42,42,41,21,113,202,65,13,41,43,34,42,42,42,34,42,34,21,147,211,217,217,219,219,219,219; 
219,217,211,150,41,34,42,42,41,41,34,36,42,42,42,42,45,41,34,34,34,42,43,34,43,41,42,45,36,62,195,61,36,41,42,42,42,42,42,42,42,41,34,41,34,45,34,43,42,42,34,42,34,37,41,42,34,44,200,200,29,13,41,42,43,41,42,42,45,42,41,38,24,197,197,24,41,41,34,45,41,43,42,41,42,41,107,202,199,59,40,41,43,42,42,42,42,42,33,42,21,107,200,59,39,43,42,42,45,42,43,34,34,42,21,116,209,211,217,219,219,219,219; 
219,217,209,150,41,45,34,45,41,43,41,42,36,42,42,41,42,42,42,41,42,42,42,42,41,45,34,41,42,27,187,61,37,41,43,34,42,37,34,45,34,45,45,34,43,41,45,34,42,42,42,34,42,34,45,42,41,37,195,199,61,53,43,41,43,34,45,41,34,46,37,22,24,199,199,62,37,43,37,34,42,45,41,42,42,36,112,202,199,19,22,34,41,41,43,34,42,42,42,42,38,112,204,19,38,11,41,41,43,42,45,34,42,42,22,117,211,217,217,219,219,219,219; 
219,217,211,150,34,41,45,34,41,41,41,36,42,42,42,42,42,11,42,42,42,41,41,37,34,45,45,34,44,62,195,26,36,41,41,42,37,42,43,41,45,41,34,41,34,45,34,43,42,42,42,42,42,43,41,42,37,44,197,199,67,53,11,41,11,37,36,41,41,41,34,38,61,195,186,27,41,10,42,41,34,41,43,34,41,36,100,200,199,19,40,41,42,42,42,37,34,42,41,41,36,100,200,18,54,41,42,42,41,41,34,37,41,34,21,145,211,217,217,219,219,219,219; 
