bbci.train_file = 'Gabriel_00_11_03/dzweiGabriel';
bbci.classDef = {[135,139,141,147,149,153],[128,129,130,131,132,133,134,136,137,138,140,142,143,144,145,146,148,150,151,152,154,155,156,157,158,159],74,70;'stimulus right','stimulus left','response right','response left'};
bbci.setup = 'errorpotential';
bbci.player = 1;
bbci.feedback = 'speller';